720575940602120928 1
720575940602483424 1
720575940604088288 2
720575940604445868 1
720575940604470240 3
720575940604938342 2
720575940605074278 2
720575940605302974 4
720575940605423806 1
720575940605648002 1
720575940606149321 2
720575940606218528 3
720575940606446770 1
720575940607262219 2
720575940607800242 2
720575940608082990 3
720575940608336514 2
720575940608545219 2
720575940608683477 4
720575940608763512 3
720575940608766933 2
720575940609996773 1
720575940610140309 3
720575940610228344 2
720575940610313570 1
720575940610357458 1
720575940610359758 1
720575940610373326 4
720575940610455781 3
720575940610585317 4
720575940610653462 2
720575940611401709 1
720575940612138792 3
720575940612139443 4
720575940612149362 2
720575940612153746 4
720575940612403427 4
720575940612479850 4
720575940612580067 4
720575940612710883 3
720575940612711958 4
720575940612993941 2
720575940613034602 1
720575940613113325 1
720575940613144616 1
720575940613170498 4
720575940613418547 1
720575940613706546 1
720575940613867938 1
720575940613941618 1
720575940614265827 1
720575940614669707 4
720575940614752395 4
720575940614987276 1
720575940615168985 2
720575940615281862 1
720575940615592409 4
720575940615592961 2
720575940615635037 2
720575940615894877 1
720575940615950453 4
720575940616054843 2
720575940616079188 1
720575940616451909 4
720575940616502109 1
720575940616592704 1
720575940616664550 3
720575940616907678 3
720575940616951739 1
720575940617024562 3
720575940617034398 1
720575940617110555 2
720575940617245652 4
720575940617333976 4
720575940617362772 4
720575940617611921 1
720575940617653277 1
720575940617924299 2
720575940618165393 3
720575940618183765 2
720575940618248129 2
720575940618340057 1
720575940618364480 4
720575940618475101 4
720575940618535303 4
720575940618604352 2
720575940618831576 1
720575940618927892 1
720575940618932763 2
720575940618984475 4
720575940619058461 2
720575940619302640 4
720575940619415679 4
720575940619507184 2
720575940619592768 1
720575940619623407 2
720575940619675712 4
720575940619688688 2
720575940619767243 2
720575940619822784 2
720575940619847533 1
720575940620203502 4
720575940620356545 4
720575940620356557 4
720575940620369517 3
720575940620424472 3
720575940620476381 2
720575940620565057 2
720575940620718472 3
720575940620931348 1
720575940620943969 2
720575940621067204 4
720575940621147588 1
720575940621170196 4
720575940621264809 1
720575940621347092 4
720575940621431492 4
720575940621554112 2
720575940621608330 4
720575940621765846 4
720575940621870204 4
720575940622233699 3
720575940622266236 2
720575940622304243 1
720575940622503133 4
720575940622673387 2
720575940622680724 2
720575940622709287 1
720575940622843530 2
720575940622998627 3
720575940623166733 5
720575940623256202 4
720575940623261481 3
720575940623368906 4
720575940623437180 1
720575940623531301 4
720575940623598058 2
720575940623725972 4
720575940623776743 1
720575940623855397 3
720575940623957173 1
720575940624004535 4
720575940624068028 2
720575940624336647 4
720575940624394790 3
720575940624407944 1
720575940624409575 4
720575940624457412 1
720575940624462850 1
720575940624463242 4
720575940624471373 2
720575940624615462 2
720575940624662508 1
720575940624698170 1
720575940624915128 2
720575940625226506 2
720575940625323620 3
720575940625385861 2
720575940625453340 2
720575940625518736 3
720575940625600284 2
720575940625912871 2
720575940625962242 3
720575940625988227 3
720575940626139175 2
720575940626201372 1
720575940626295326 1
720575940626579333 2
720575940626656010 4
720575940626663953 1
720575940626783065 1
720575940626793831 4
720575940626811153 1
720575940626833994 2
720575940626885124 3
720575940627084905 4
720575940627111752 1
720575940627208168 1
720575940627307194 2
720575940627370110 1
720575940627439592 1
720575940627578615 4
720575940627662279 2
720575940627670032 4
720575940627681406 4
720575940627718394 4
720575940627719294 2
720575940627745641 1
720575940627750216 1
720575940627776506 4
720575940627790991 4
720575940627796298 1
720575940627850618 1
720575940627899751 2
720575940628112231 2
720575940628139975 1
720575940628218844 4
720575940628350567 2
720575940628403791 1
720575940628429626 1
720575940628463468 2
720575940628505873 1
720575940628520812 1
720575940628538732 1
720575940628542807 4
720575940628641127 3
720575940628706325 3
720575940628793621 1
720575940628837650 2
720575940628865644 4
720575940628916791 4
720575940629133052 4
720575940629192975 1
720575940629211847 4
720575940629244357 4
720575940629249783 1
720575940629256779 2
720575940629373687 4
720575940629407020 4
720575940629430978 4
720575940629594106 1
720575940629877356 3
720575940629886971 2
720575940630046767 1
720575940630057979 4
720575940630095045 2
720575940630311383 2
720575940630344396 4
720575940630396022 2
720575940630445519 2
720575940630543887 1
720575940630548035 2
720575940630644727 3
720575940630733884 2
720575940630734075 4
720575940630905130 4
720575940631022336 3
720575940631023567 1
720575940631179807 4
720575940631244335 1
720575940631275050 3
720575940631343185 1
720575940631427409 1
720575940631914783 4
720575940631947095 1
720575940632011420 3
720575940632192676 4
720575940632228433 4
720575940632385943 4
720575940632472850 2
720575940632522848 4
720575940632723938 1
720575940632764883 4
720575940632807193 2
720575940633033567 4
720575940633205295 3
720575940633300148 4
720575940633350812 2
720575940633362145 3
720575940633462829 5
720575940633564920 3
720575940633677167 2
720575940633744791 1
720575940634356587 1
720575940634371941 3
720575940634396863 4
720575940634458719 1
720575940634474894 3
720575940634750871 1
720575940634751918 2
720575940634823449 2
720575940634829168 1
720575940634862943 4
720575940634866586 4
720575940635106202 1
720575940635130905 3
720575940635189134 4
720575940635202204 3
720575940635211768 3
720575940635403230 1
720575940635640312 4
720575940635678871 1
720575940635754853 1
720575940635837797 4
720575940635967886 2
720575940636444742 2
720575940636471408 1
720575940636573108 1
720575940636705502 4
720575940636910825 4
720575940637064926 2
720575940637118527 2
720575940637175349 2
720575940637320567 4
720575940637755507 4
720575940637826118 3
720575940637834301 1
720575940637836477 4
720575940638095293 4
720575940638870360 2
720575940639011160 1
720575940639220550 1
720575940639331829 4
720575940639355008 1
720575940639417728 2
720575940639781027 3
720575940640176848 4
720575940640406094 2
720575940640678352 1
720575940640992731 1
720575940641141237 2
720575940641193717 1
720575940641450656 4
720575940641972384 1
720575940642198491 4
720575940642331533 1
720575940642401060 4
720575940643754862 2
720575940643826212 1
720575940644252951 1
720575940644259876 1
720575940644361582 1
720575940644506222 1
720575940644639342 1
720575940645345134 1
720575940645445156 3
720575940646518382 4
720575940649591673 3
720575940650929273 1
720575940652283126 2
720575940654220193 1
