720575940607262219 1
720575940607874315 2
720575940609996773 3
720575940610558357 4
720575940612139443 2
720575940612403427 4
720575940614752395 4
720575940614817117 1
720575940615635037 1
720575940615894877 4
720575940617353433 3
720575940618248129 1
720575940618340057 1
720575940618364480 1
720575940618380081 1
720575940618475101 4
720575940618628443 3
720575940618715441 2
720575940618851425 1
720575940618984475 2
720575940619058461 5
720575940619415679 1
720575940619822784 5
720575940619855296 2
720575940620356545 1
720575940621457690 2
720575940621656747 2
720575940622709287 3
720575940623256202 4
720575940623725972 4
720575940624820112 2
720575940625792698 2
720575940625829892 3
720575940626295326 3
720575940626393999 2
720575940626565528 3
720575940626768442 2
720575940626994453 3
720575940627686455 1
720575940627718394 4
720575940627976222 2
720575940628256763 4
720575940628528377 1
720575940628542807 1
720575940629102636 3
720575940629199146 4
720575940629373687 1
720575940629401674 2
720575940629430978 4
720575940629639383 1
720575940632192676 1
720575940632373023 1
720575940632385943 1
720575940632392599 4
720575940632723938 3
720575940633033567 3
720575940633300148 4
720575940634396863 1
720575940634458719 1
720575940634829168 3
720575940634866586 3
720575940635137198 2
720575940635189134 2
720575940635403230 3
720575940636504553 4
720575940636705502 4
720575940637834301 3
720575940638095293 4
720575940638096499 2
720575940640176848 4
720575940644319796 4
720575940646310947 2
720575940646518382 3
