720575940607262219 720575940618364480 8
720575940607262219 720575940620356545 25
720575940607874315 720575940625792698 9
720575940607874315 720575940629430978 5
720575940607874315 720575940646310947 9
720575940609996773 720575940623725972 12
720575940609996773 720575940632373023 5
720575940609996773 720575940633300148 15
720575940609996773 720575940646518382 10
720575940610558357 720575940618984475 8
720575940610558357 720575940629430978 9
720575940610558357 720575940638095293 6
720575940610558357 720575940640176848 10
720575940612139443 720575940618364480 11
720575940612139443 720575940618984475 8
720575940612139443 720575940619855296 10
720575940612139443 720575940620356545 14
720575940612139443 720575940625792698 72
720575940612139443 720575940629401674 6
720575940612139443 720575940629430978 22
720575940612139443 720575940632192676 6
720575940612139443 720575940634866586 7
720575940612139443 720575940646310947 69
720575940612139443 720575940646518382 7
720575940612403427 720575940618364480 27
720575940612403427 720575940618475101 21
720575940612403427 720575940623725972 32
720575940612403427 720575940633300148 31
720575940612403427 720575940638095293 21
720575940612403427 720575940640176848 14
720575940614752395 720575940618364480 32
720575940614752395 720575940618475101 20
720575940614752395 720575940620356545 9
720575940614752395 720575940623725972 21
720575940614752395 720575940629430978 6
720575940614752395 720575940633300148 14
720575940614752395 720575940638095293 24
720575940614817117 720575940620356545 21
720575940614817117 720575940634458719 7
720575940614817117 720575940646518382 8
720575940615635037 720575940618475101 12
720575940615635037 720575940620356545 7
720575940615635037 720575940632373023 5
720575940615635037 720575940638095293 15
720575940615894877 720575940638095293 14
720575940617353433 720575940634829168 5
720575940617353433 720575940638095293 5
720575940618248129 720575940618364480 10
720575940618248129 720575940620356545 18
720575940618248129 720575940629639383 5
720575940618340057 720575940618364480 16
720575940618340057 720575940619415679 6
720575940618340057 720575940620356545 8
720575940618340057 720575940632385943 7
720575940618364480 720575940607262219 8
720575940618364480 720575940620356545 11
720575940618364480 720575940634866586 5
720575940618380081 720575940620356545 7
720575940618475101 720575940618984475 22
720575940618475101 720575940619415679 5
720575940618475101 720575940619855296 9
720575940618475101 720575940620356545 6
720575940618475101 720575940623725972 9
720575940618475101 720575940629430978 39
720575940618475101 720575940633300148 19
720575940618475101 720575940638095293 11
720575940618475101 720575940646518382 7
720575940618628443 720575940646518382 5
720575940618715441 720575940618364480 8
720575940618715441 720575940618984475 29
720575940618715441 720575940619855296 6
720575940618715441 720575940620356545 9
720575940618715441 720575940621656747 8
720575940618715441 720575940625792698 54
720575940618715441 720575940629401674 7
720575940618715441 720575940629430978 18
720575940618715441 720575940634866586 20
720575940618715441 720575940646310947 78
720575940618715441 720575940646518382 18
720575940618851425 720575940618364480 7
720575940618851425 720575940620356545 7
720575940618851425 720575940629430978 5
720575940618984475 720575940620356545 8
720575940618984475 720575940629401674 8
720575940618984475 720575940629430978 7
720575940618984475 720575940634866586 15
720575940618984475 720575940646518382 17
720575940619058461 720575940619822784 170
720575940619415679 720575940615635037 7
720575940619415679 720575940618475101 14
720575940619415679 720575940620356545 35
720575940619415679 720575940623725972 6
720575940619415679 720575940629373687 16
720575940619415679 720575940629639383 7
720575940619415679 720575940633300148 8
720575940619415679 720575940634396863 14
720575940619415679 720575940638095293 32
720575940619415679 720575940640176848 26
720575940619822784 720575940618340057 6
720575940619822784 720575940634829168 10
720575940619822784 720575940646518382 14
720575940619855296 720575940629430978 10
720575940620356545 720575940607262219 8
720575940620356545 720575940609996773 6
720575940620356545 720575940615635037 16
720575940620356545 720575940618364480 11
720575940620356545 720575940629430978 17
720575940620356545 720575940634866586 8
720575940620356545 720575940646518382 19
720575940621457690 720575940638096499 5
720575940621656747 720575940618984475 31
720575940621656747 720575940625792698 6
720575940621656747 720575940629401674 11
720575940621656747 720575940632723938 6
720575940621656747 720575940634866586 6
720575940621656747 720575940646310947 10
720575940621656747 720575940646518382 25
720575940622709287 720575940618984475 6
720575940622709287 720575940632723938 10
720575940622709287 720575940634866586 16
720575940622709287 720575940646518382 23
720575940623256202 720575940618475101 8
720575940623256202 720575940623725972 27
720575940623256202 720575940633300148 20
720575940623256202 720575940634866586 29
720575940623256202 720575940638095293 21
720575940623256202 720575940646518382 6
720575940623725972 720575940618475101 15
720575940623725972 720575940618984475 8
720575940623725972 720575940619855296 13
720575940623725972 720575940620356545 12
720575940623725972 720575940629430978 76
720575940623725972 720575940633300148 21
720575940623725972 720575940638095293 8
720575940623725972 720575940640176848 16
720575940624820112 720575940618715441 8
720575940624820112 720575940618984475 6
720575940624820112 720575940625792698 10
720575940624820112 720575940646310947 13
720575940625792698 720575940607874315 16
720575940625792698 720575940612139443 20
720575940625792698 720575940618364480 24
720575940625792698 720575940618715441 25
720575940625792698 720575940618984475 42
720575940625792698 720575940619855296 34
720575940625792698 720575940620356545 28
720575940625792698 720575940624820112 10
720575940625792698 720575940629401674 26
720575940625792698 720575940629430978 74
720575940625792698 720575940635189134 37
720575940625792698 720575940646310947 45
720575940625792698 720575940646518382 16
720575940625829892 720575940646518382 7
720575940626295326 720575940618984475 7
720575940626295326 720575940622709287 9
720575940626295326 720575940632723938 11
720575940626295326 720575940634866586 27
720575940626295326 720575940646518382 36
720575940626393999 720575940625792698 10
720575940626393999 720575940646310947 10
720575940626565528 720575940620356545 11
720575940626565528 720575940634458719 10
720575940626565528 720575940646518382 20
720575940626768442 720575940607874315 5
720575940626994453 720575940620356545 15
720575940626994453 720575940646518382 21
720575940627686455 720575940620356545 15
720575940627686455 720575940634458719 7
720575940627686455 720575940646518382 8
720575940627718394 720575940618475101 8
720575940627718394 720575940623725972 17
720575940627718394 720575940633300148 10
720575940627718394 720575940634866586 33
720575940627718394 720575940638095293 21
720575940627718394 720575940640176848 5
720575940627718394 720575940646518382 5
720575940627976222 720575940618984475 10
720575940627976222 720575940638095293 6
720575940628256763 720575940618364480 13
720575940628256763 720575940619415679 6
720575940628256763 720575940620356545 7
720575940628256763 720575940623725972 7
720575940628256763 720575940629430978 8
720575940628256763 720575940633300148 12
720575940628256763 720575940638095293 7
720575940628528377 720575940618364480 9
720575940628528377 720575940618475101 8
720575940628528377 720575940620356545 9
720575940628542807 720575940618364480 32
720575940628542807 720575940618475101 9
720575940628542807 720575940620356545 5
720575940628542807 720575940638095293 5
720575940629102636 720575940634866586 6
720575940629199146 720575940623725972 8
720575940629199146 720575940633300148 8
720575940629199146 720575940634866586 9
720575940629373687 720575940618364480 27
720575940629373687 720575940620356545 20
720575940629373687 720575940629430978 9
720575940629373687 720575940629639383 9
720575940629373687 720575940638095293 5
720575940629401674 720575940618984475 11
720575940629401674 720575940619855296 6
720575940629430978 720575940618364480 15
720575940629430978 720575940618984475 7
720575940629430978 720575940619855296 6
720575940629430978 720575940620356545 31
720575940629430978 720575940625792698 6
720575940629430978 720575940634866586 8
720575940629639383 720575940618364480 6
720575940632192676 720575940618364480 27
720575940632192676 720575940619855296 7
720575940632192676 720575940620356545 20
720575940632192676 720575940625792698 17
720575940632192676 720575940629430978 36
720575940632192676 720575940640176848 5
720575940632373023 720575940618364480 5
720575940632385943 720575940618248129 8
720575940632385943 720575940618475101 12
720575940632385943 720575940619415679 7
720575940632385943 720575940620356545 22
720575940632385943 720575940628542807 5
720575940632385943 720575940629373687 23
720575940632385943 720575940629639383 15
720575940632385943 720575940633300148 12
720575940632385943 720575940634396863 15
720575940632385943 720575940636705502 8
720575940632385943 720575940638095293 22
720575940632385943 720575940640176848 13
720575940632392599 720575940633300148 5
720575940632723938 720575940622709287 6
720575940632723938 720575940634866586 32
720575940632723938 720575940646518382 20
720575940633033567 720575940623725972 14
720575940633033567 720575940633300148 21
720575940633033567 720575940634866586 28
720575940633300148 720575940618475101 25
720575940633300148 720575940619855296 15
720575940633300148 720575940620356545 6
720575940633300148 720575940623725972 27
720575940633300148 720575940629430978 56
720575940633300148 720575940637834301 5
720575940633300148 720575940638095293 17
720575940633300148 720575940640176848 12
720575940634396863 720575940618364480 27
720575940634396863 720575940620356545 29
720575940634396863 720575940629373687 10
720575940634396863 720575940629430978 9
720575940634396863 720575940629639383 5
720575940634829168 720575940609996773 9
720575940634829168 720575940620356545 6
720575940634829168 720575940622709287 9
720575940634829168 720575940623725972 22
720575940634829168 720575940626295326 11
720575940634829168 720575940632723938 8
720575940634829168 720575940633300148 17
720575940634829168 720575940637834301 8
720575940634829168 720575940640176848 43
720575940634829168 720575940646518382 30
720575940634866586 720575940620356545 5
720575940634866586 720575940621656747 6
720575940634866586 720575940629430978 5
720575940634866586 720575940646518382 7
720575940635137198 720575940618984475 7
720575940635137198 720575940625792698 10
720575940635137198 720575940629430978 5
720575940635137198 720575940646310947 8
720575940635189134 720575940618364480 7
720575940635189134 720575940618984475 16
720575940635189134 720575940619855296 9
720575940635189134 720575940620356545 23
720575940635189134 720575940625792698 102
720575940635189134 720575940629401674 9
720575940635189134 720575940629430978 40
720575940635189134 720575940634866586 10
720575940635189134 720575940646310947 90
720575940635189134 720575940646518382 12
720575940635403230 720575940609996773 6
720575940635403230 720575940615894877 5
720575940635403230 720575940618475101 5
720575940635403230 720575940622709287 6
720575940635403230 720575940623725972 18
720575940635403230 720575940626295326 17
720575940635403230 720575940632723938 13
720575940635403230 720575940633300148 22
720575940635403230 720575940634829168 8
720575940635403230 720575940640176848 56
720575940635403230 720575940646518382 29
720575940636504553 720575940620356545 5
720575940636504553 720575940629430978 9
720575940636504553 720575940640176848 5
720575940636705502 720575940619415679 5
720575940636705502 720575940623725972 11
720575940636705502 720575940633300148 10
720575940636705502 720575940640176848 7
720575940637834301 720575940633300148 6
720575940637834301 720575940646518382 13
720575940638095293 720575940618475101 35
720575940638095293 720575940618984475 32
720575940638095293 720575940619855296 5
720575940638095293 720575940623725972 13
720575940638095293 720575940629430978 18
720575940638095293 720575940633300148 25
720575940638096499 720575940625792698 6
720575940640176848 720575940618475101 55
720575940640176848 720575940623725972 25
720575940640176848 720575940633300148 20
720575940640176848 720575940638095293 55
720575940644319796 720575940620356545 5
720575940644319796 720575940629430978 14
720575940644319796 720575940632385943 6
720575940644319796 720575940633300148 8
720575940644319796 720575940638095293 5
720575940644319796 720575940640176848 6
720575940646310947 720575940607874315 8
720575940646310947 720575940612139443 36
720575940646310947 720575940618364480 5
720575940646310947 720575940618715441 31
720575940646310947 720575940618984475 76
720575940646310947 720575940619855296 26
720575940646310947 720575940620356545 25
720575940646310947 720575940624820112 5
720575940646310947 720575940625792698 31
720575940646310947 720575940626393999 5
720575940646310947 720575940629401674 42
720575940646310947 720575940629430978 63
720575940646310947 720575940634866586 13
720575940646310947 720575940635189134 36
720575940646310947 720575940646518382 23
720575940646518382 720575940609996773 12
720575940646518382 720575940618984475 7
720575940646518382 720575940620356545 13
720575940646518382 720575940634866586 8
720575940646518382 720575940637834301 26
720575940646518382 720575940646310947 6
